{
 "cells": [
  {
   "cell_type": "markdown",
   "id": "37ee5f79",
   "metadata": {},
   "source": [
    "### This jupyter notebook contains contents of the lesson \"Mutual information and correlation\"\n",
    "\n",
    "**Author : Umidjon Sattorov. Machine Learning engineer**"
   ]
  },
  {
   "cell_type": "markdown",
   "id": "91c54d42",
   "metadata": {},
   "source": [
    "___"
   ]
  },
  {
   "cell_type": "code",
   "execution_count": 1,
   "id": "0776d7e1",
   "metadata": {},
   "outputs": [],
   "source": [
    "# Importing necessary libraries\n",
    "import pandas as pd\n",
    "import numpy as np\n",
    "from sklearn.feature_selection import mutual_info_classif, mutual_info_regression\n",
    "from sklearn.datasets import load_iris, load_diabetes"
   ]
  },
  {
   "cell_type": "code",
   "execution_count": 4,
   "id": "9de941a9",
   "metadata": {},
   "outputs": [
    {
     "data": {
      "text/html": [
       "<div>\n",
       "<style scoped>\n",
       "    .dataframe tbody tr th:only-of-type {\n",
       "        vertical-align: middle;\n",
       "    }\n",
       "\n",
       "    .dataframe tbody tr th {\n",
       "        vertical-align: top;\n",
       "    }\n",
       "\n",
       "    .dataframe thead th {\n",
       "        text-align: right;\n",
       "    }\n",
       "</style>\n",
       "<table border=\"1\" class=\"dataframe\">\n",
       "  <thead>\n",
       "    <tr style=\"text-align: right;\">\n",
       "      <th></th>\n",
       "      <th>id</th>\n",
       "      <th>age</th>\n",
       "      <th>sex</th>\n",
       "      <th>height</th>\n",
       "      <th>weight</th>\n",
       "      <th>ap_hi</th>\n",
       "      <th>ap_lo</th>\n",
       "      <th>cholesterol</th>\n",
       "      <th>gluc</th>\n",
       "      <th>smoke</th>\n",
       "      <th>alco</th>\n",
       "      <th>active</th>\n",
       "      <th>cardio</th>\n",
       "    </tr>\n",
       "  </thead>\n",
       "  <tbody>\n",
       "    <tr>\n",
       "      <th>0</th>\n",
       "      <td>0</td>\n",
       "      <td>18393</td>\n",
       "      <td>2</td>\n",
       "      <td>168</td>\n",
       "      <td>62.0</td>\n",
       "      <td>110</td>\n",
       "      <td>80</td>\n",
       "      <td>1</td>\n",
       "      <td>1</td>\n",
       "      <td>0</td>\n",
       "      <td>0</td>\n",
       "      <td>1</td>\n",
       "      <td>0</td>\n",
       "    </tr>\n",
       "    <tr>\n",
       "      <th>1</th>\n",
       "      <td>1</td>\n",
       "      <td>20228</td>\n",
       "      <td>1</td>\n",
       "      <td>156</td>\n",
       "      <td>85.0</td>\n",
       "      <td>140</td>\n",
       "      <td>90</td>\n",
       "      <td>3</td>\n",
       "      <td>1</td>\n",
       "      <td>0</td>\n",
       "      <td>0</td>\n",
       "      <td>1</td>\n",
       "      <td>1</td>\n",
       "    </tr>\n",
       "    <tr>\n",
       "      <th>2</th>\n",
       "      <td>2</td>\n",
       "      <td>18857</td>\n",
       "      <td>1</td>\n",
       "      <td>165</td>\n",
       "      <td>64.0</td>\n",
       "      <td>130</td>\n",
       "      <td>70</td>\n",
       "      <td>3</td>\n",
       "      <td>1</td>\n",
       "      <td>0</td>\n",
       "      <td>0</td>\n",
       "      <td>0</td>\n",
       "      <td>1</td>\n",
       "    </tr>\n",
       "    <tr>\n",
       "      <th>3</th>\n",
       "      <td>3</td>\n",
       "      <td>17623</td>\n",
       "      <td>2</td>\n",
       "      <td>169</td>\n",
       "      <td>82.0</td>\n",
       "      <td>150</td>\n",
       "      <td>100</td>\n",
       "      <td>1</td>\n",
       "      <td>1</td>\n",
       "      <td>0</td>\n",
       "      <td>0</td>\n",
       "      <td>1</td>\n",
       "      <td>1</td>\n",
       "    </tr>\n",
       "    <tr>\n",
       "      <th>4</th>\n",
       "      <td>4</td>\n",
       "      <td>17474</td>\n",
       "      <td>1</td>\n",
       "      <td>156</td>\n",
       "      <td>56.0</td>\n",
       "      <td>100</td>\n",
       "      <td>60</td>\n",
       "      <td>1</td>\n",
       "      <td>1</td>\n",
       "      <td>0</td>\n",
       "      <td>0</td>\n",
       "      <td>0</td>\n",
       "      <td>0</td>\n",
       "    </tr>\n",
       "  </tbody>\n",
       "</table>\n",
       "</div>"
      ],
      "text/plain": [
       "   id    age  sex  height  weight  ap_hi  ap_lo  cholesterol  gluc  smoke  \\\n",
       "0   0  18393    2     168    62.0    110     80            1     1      0   \n",
       "1   1  20228    1     156    85.0    140     90            3     1      0   \n",
       "2   2  18857    1     165    64.0    130     70            3     1      0   \n",
       "3   3  17623    2     169    82.0    150    100            1     1      0   \n",
       "4   4  17474    1     156    56.0    100     60            1     1      0   \n",
       "\n",
       "   alco  active  cardio  \n",
       "0     0       1       0  \n",
       "1     0       1       1  \n",
       "2     0       0       1  \n",
       "3     0       1       1  \n",
       "4     0       0       0  "
      ]
     },
     "execution_count": 4,
     "metadata": {},
     "output_type": "execute_result"
    }
   ],
   "source": [
    "# Loading dataframes\n",
    "df = pd.read_csv(\"./datasets/medical_examination.csv\")\n",
    "df.head()"
   ]
  },
  {
   "cell_type": "markdown",
   "id": "834a485c",
   "metadata": {},
   "source": [
    "# Correlation"
   ]
  },
  {
   "cell_type": "markdown",
   "id": "7add396d",
   "metadata": {},
   "source": [
    "* Pearson correlation"
   ]
  },
  {
   "cell_type": "code",
   "execution_count": 8,
   "id": "65ddb551",
   "metadata": {},
   "outputs": [
    {
     "data": {
      "text/html": [
       "<div>\n",
       "<style scoped>\n",
       "    .dataframe tbody tr th:only-of-type {\n",
       "        vertical-align: middle;\n",
       "    }\n",
       "\n",
       "    .dataframe tbody tr th {\n",
       "        vertical-align: top;\n",
       "    }\n",
       "\n",
       "    .dataframe thead th {\n",
       "        text-align: right;\n",
       "    }\n",
       "</style>\n",
       "<table border=\"1\" class=\"dataframe\">\n",
       "  <thead>\n",
       "    <tr style=\"text-align: right;\">\n",
       "      <th></th>\n",
       "      <th>id</th>\n",
       "      <th>age</th>\n",
       "      <th>sex</th>\n",
       "      <th>height</th>\n",
       "      <th>weight</th>\n",
       "      <th>ap_hi</th>\n",
       "      <th>ap_lo</th>\n",
       "      <th>cholesterol</th>\n",
       "      <th>gluc</th>\n",
       "      <th>smoke</th>\n",
       "      <th>alco</th>\n",
       "      <th>active</th>\n",
       "      <th>cardio</th>\n",
       "    </tr>\n",
       "  </thead>\n",
       "  <tbody>\n",
       "    <tr>\n",
       "      <th>id</th>\n",
       "      <td>1.000000</td>\n",
       "      <td>0.003457</td>\n",
       "      <td>0.003154</td>\n",
       "      <td>-0.003038</td>\n",
       "      <td>-0.001830</td>\n",
       "      <td>0.003356</td>\n",
       "      <td>-0.002529</td>\n",
       "      <td>0.006106</td>\n",
       "      <td>0.002467</td>\n",
       "      <td>-0.003699</td>\n",
       "      <td>0.001210</td>\n",
       "      <td>0.003755</td>\n",
       "      <td>0.003799</td>\n",
       "    </tr>\n",
       "    <tr>\n",
       "      <th>age</th>\n",
       "      <td>0.003457</td>\n",
       "      <td>1.000000</td>\n",
       "      <td>-0.022609</td>\n",
       "      <td>-0.081515</td>\n",
       "      <td>0.053684</td>\n",
       "      <td>0.020764</td>\n",
       "      <td>0.017647</td>\n",
       "      <td>0.154424</td>\n",
       "      <td>0.098703</td>\n",
       "      <td>-0.047633</td>\n",
       "      <td>-0.029723</td>\n",
       "      <td>-0.009927</td>\n",
       "      <td>0.238159</td>\n",
       "    </tr>\n",
       "    <tr>\n",
       "      <th>sex</th>\n",
       "      <td>0.003154</td>\n",
       "      <td>-0.022609</td>\n",
       "      <td>1.000000</td>\n",
       "      <td>0.498221</td>\n",
       "      <td>0.155115</td>\n",
       "      <td>0.005985</td>\n",
       "      <td>0.015195</td>\n",
       "      <td>-0.035833</td>\n",
       "      <td>-0.020698</td>\n",
       "      <td>0.337664</td>\n",
       "      <td>0.170682</td>\n",
       "      <td>0.005991</td>\n",
       "      <td>0.007953</td>\n",
       "    </tr>\n",
       "    <tr>\n",
       "      <th>height</th>\n",
       "      <td>-0.003038</td>\n",
       "      <td>-0.081515</td>\n",
       "      <td>0.498221</td>\n",
       "      <td>1.000000</td>\n",
       "      <td>0.290968</td>\n",
       "      <td>0.005488</td>\n",
       "      <td>0.006150</td>\n",
       "      <td>-0.050226</td>\n",
       "      <td>-0.018595</td>\n",
       "      <td>0.187989</td>\n",
       "      <td>0.094419</td>\n",
       "      <td>-0.006570</td>\n",
       "      <td>-0.010821</td>\n",
       "    </tr>\n",
       "    <tr>\n",
       "      <th>weight</th>\n",
       "      <td>-0.001830</td>\n",
       "      <td>0.053684</td>\n",
       "      <td>0.155115</td>\n",
       "      <td>0.290968</td>\n",
       "      <td>1.000000</td>\n",
       "      <td>0.030702</td>\n",
       "      <td>0.043710</td>\n",
       "      <td>0.141768</td>\n",
       "      <td>0.106857</td>\n",
       "      <td>0.067780</td>\n",
       "      <td>0.067113</td>\n",
       "      <td>-0.016867</td>\n",
       "      <td>0.181660</td>\n",
       "    </tr>\n",
       "    <tr>\n",
       "      <th>ap_hi</th>\n",
       "      <td>0.003356</td>\n",
       "      <td>0.020764</td>\n",
       "      <td>0.005985</td>\n",
       "      <td>0.005488</td>\n",
       "      <td>0.030702</td>\n",
       "      <td>1.000000</td>\n",
       "      <td>0.016086</td>\n",
       "      <td>0.023778</td>\n",
       "      <td>0.011841</td>\n",
       "      <td>-0.000922</td>\n",
       "      <td>0.001408</td>\n",
       "      <td>-0.000033</td>\n",
       "      <td>0.054475</td>\n",
       "    </tr>\n",
       "    <tr>\n",
       "      <th>ap_lo</th>\n",
       "      <td>-0.002529</td>\n",
       "      <td>0.017647</td>\n",
       "      <td>0.015195</td>\n",
       "      <td>0.006150</td>\n",
       "      <td>0.043710</td>\n",
       "      <td>0.016086</td>\n",
       "      <td>1.000000</td>\n",
       "      <td>0.024019</td>\n",
       "      <td>0.010806</td>\n",
       "      <td>0.005186</td>\n",
       "      <td>0.010601</td>\n",
       "      <td>0.004780</td>\n",
       "      <td>0.065719</td>\n",
       "    </tr>\n",
       "    <tr>\n",
       "      <th>cholesterol</th>\n",
       "      <td>0.006106</td>\n",
       "      <td>0.154424</td>\n",
       "      <td>-0.035833</td>\n",
       "      <td>-0.050226</td>\n",
       "      <td>0.141768</td>\n",
       "      <td>0.023778</td>\n",
       "      <td>0.024019</td>\n",
       "      <td>1.000000</td>\n",
       "      <td>0.451578</td>\n",
       "      <td>0.010354</td>\n",
       "      <td>0.035760</td>\n",
       "      <td>0.009911</td>\n",
       "      <td>0.221147</td>\n",
       "    </tr>\n",
       "    <tr>\n",
       "      <th>gluc</th>\n",
       "      <td>0.002467</td>\n",
       "      <td>0.098703</td>\n",
       "      <td>-0.020698</td>\n",
       "      <td>-0.018595</td>\n",
       "      <td>0.106857</td>\n",
       "      <td>0.011841</td>\n",
       "      <td>0.010806</td>\n",
       "      <td>0.451578</td>\n",
       "      <td>1.000000</td>\n",
       "      <td>-0.004756</td>\n",
       "      <td>0.011246</td>\n",
       "      <td>-0.006770</td>\n",
       "      <td>0.089307</td>\n",
       "    </tr>\n",
       "    <tr>\n",
       "      <th>smoke</th>\n",
       "      <td>-0.003699</td>\n",
       "      <td>-0.047633</td>\n",
       "      <td>0.337664</td>\n",
       "      <td>0.187989</td>\n",
       "      <td>0.067780</td>\n",
       "      <td>-0.000922</td>\n",
       "      <td>0.005186</td>\n",
       "      <td>0.010354</td>\n",
       "      <td>-0.004756</td>\n",
       "      <td>1.000000</td>\n",
       "      <td>0.340094</td>\n",
       "      <td>0.025858</td>\n",
       "      <td>-0.015486</td>\n",
       "    </tr>\n",
       "    <tr>\n",
       "      <th>alco</th>\n",
       "      <td>0.001210</td>\n",
       "      <td>-0.029723</td>\n",
       "      <td>0.170682</td>\n",
       "      <td>0.094419</td>\n",
       "      <td>0.067113</td>\n",
       "      <td>0.001408</td>\n",
       "      <td>0.010601</td>\n",
       "      <td>0.035760</td>\n",
       "      <td>0.011246</td>\n",
       "      <td>0.340094</td>\n",
       "      <td>1.000000</td>\n",
       "      <td>0.025476</td>\n",
       "      <td>-0.007330</td>\n",
       "    </tr>\n",
       "    <tr>\n",
       "      <th>active</th>\n",
       "      <td>0.003755</td>\n",
       "      <td>-0.009927</td>\n",
       "      <td>0.005991</td>\n",
       "      <td>-0.006570</td>\n",
       "      <td>-0.016867</td>\n",
       "      <td>-0.000033</td>\n",
       "      <td>0.004780</td>\n",
       "      <td>0.009911</td>\n",
       "      <td>-0.006770</td>\n",
       "      <td>0.025858</td>\n",
       "      <td>0.025476</td>\n",
       "      <td>1.000000</td>\n",
       "      <td>-0.035653</td>\n",
       "    </tr>\n",
       "    <tr>\n",
       "      <th>cardio</th>\n",
       "      <td>0.003799</td>\n",
       "      <td>0.238159</td>\n",
       "      <td>0.007953</td>\n",
       "      <td>-0.010821</td>\n",
       "      <td>0.181660</td>\n",
       "      <td>0.054475</td>\n",
       "      <td>0.065719</td>\n",
       "      <td>0.221147</td>\n",
       "      <td>0.089307</td>\n",
       "      <td>-0.015486</td>\n",
       "      <td>-0.007330</td>\n",
       "      <td>-0.035653</td>\n",
       "      <td>1.000000</td>\n",
       "    </tr>\n",
       "  </tbody>\n",
       "</table>\n",
       "</div>"
      ],
      "text/plain": [
       "                   id       age       sex    height    weight     ap_hi  \\\n",
       "id           1.000000  0.003457  0.003154 -0.003038 -0.001830  0.003356   \n",
       "age          0.003457  1.000000 -0.022609 -0.081515  0.053684  0.020764   \n",
       "sex          0.003154 -0.022609  1.000000  0.498221  0.155115  0.005985   \n",
       "height      -0.003038 -0.081515  0.498221  1.000000  0.290968  0.005488   \n",
       "weight      -0.001830  0.053684  0.155115  0.290968  1.000000  0.030702   \n",
       "ap_hi        0.003356  0.020764  0.005985  0.005488  0.030702  1.000000   \n",
       "ap_lo       -0.002529  0.017647  0.015195  0.006150  0.043710  0.016086   \n",
       "cholesterol  0.006106  0.154424 -0.035833 -0.050226  0.141768  0.023778   \n",
       "gluc         0.002467  0.098703 -0.020698 -0.018595  0.106857  0.011841   \n",
       "smoke       -0.003699 -0.047633  0.337664  0.187989  0.067780 -0.000922   \n",
       "alco         0.001210 -0.029723  0.170682  0.094419  0.067113  0.001408   \n",
       "active       0.003755 -0.009927  0.005991 -0.006570 -0.016867 -0.000033   \n",
       "cardio       0.003799  0.238159  0.007953 -0.010821  0.181660  0.054475   \n",
       "\n",
       "                ap_lo  cholesterol      gluc     smoke      alco    active  \\\n",
       "id          -0.002529     0.006106  0.002467 -0.003699  0.001210  0.003755   \n",
       "age          0.017647     0.154424  0.098703 -0.047633 -0.029723 -0.009927   \n",
       "sex          0.015195    -0.035833 -0.020698  0.337664  0.170682  0.005991   \n",
       "height       0.006150    -0.050226 -0.018595  0.187989  0.094419 -0.006570   \n",
       "weight       0.043710     0.141768  0.106857  0.067780  0.067113 -0.016867   \n",
       "ap_hi        0.016086     0.023778  0.011841 -0.000922  0.001408 -0.000033   \n",
       "ap_lo        1.000000     0.024019  0.010806  0.005186  0.010601  0.004780   \n",
       "cholesterol  0.024019     1.000000  0.451578  0.010354  0.035760  0.009911   \n",
       "gluc         0.010806     0.451578  1.000000 -0.004756  0.011246 -0.006770   \n",
       "smoke        0.005186     0.010354 -0.004756  1.000000  0.340094  0.025858   \n",
       "alco         0.010601     0.035760  0.011246  0.340094  1.000000  0.025476   \n",
       "active       0.004780     0.009911 -0.006770  0.025858  0.025476  1.000000   \n",
       "cardio       0.065719     0.221147  0.089307 -0.015486 -0.007330 -0.035653   \n",
       "\n",
       "               cardio  \n",
       "id           0.003799  \n",
       "age          0.238159  \n",
       "sex          0.007953  \n",
       "height      -0.010821  \n",
       "weight       0.181660  \n",
       "ap_hi        0.054475  \n",
       "ap_lo        0.065719  \n",
       "cholesterol  0.221147  \n",
       "gluc         0.089307  \n",
       "smoke       -0.015486  \n",
       "alco        -0.007330  \n",
       "active      -0.035653  \n",
       "cardio       1.000000  "
      ]
     },
     "execution_count": 8,
     "metadata": {},
     "output_type": "execute_result"
    }
   ],
   "source": [
    "df.corr()"
   ]
  },
  {
   "cell_type": "markdown",
   "id": "19221b3d",
   "metadata": {},
   "source": [
    "____"
   ]
  },
  {
   "cell_type": "markdown",
   "id": "1e7f8274",
   "metadata": {},
   "source": [
    "# MI(Mutual information)"
   ]
  },
  {
   "cell_type": "code",
   "execution_count": 5,
   "id": "0548a8ad",
   "metadata": {},
   "outputs": [],
   "source": [
    "#Splitting data into X and y variables\n",
    "X = df.drop(columns = 'cardio')\n",
    "y = df['cardio']"
   ]
  },
  {
   "cell_type": "code",
   "execution_count": 6,
   "id": "55b5f494",
   "metadata": {},
   "outputs": [
    {
     "data": {
      "text/plain": [
       "array([0.00053914, 0.03381262, 0.00235581, 0.00472542, 0.01504694,\n",
       "       0.11658998, 0.0739758 , 0.0233351 , 0.00259951, 0.        ,\n",
       "       0.        , 0.00262836])"
      ]
     },
     "execution_count": 6,
     "metadata": {},
     "output_type": "execute_result"
    }
   ],
   "source": [
    "# Calculating MI for each variable\n",
    "mi_scores = mutual_info_regression(X, y)\n",
    "mi_scores"
   ]
  },
  {
   "cell_type": "code",
   "execution_count": 7,
   "id": "536257ea",
   "metadata": {},
   "outputs": [
    {
     "data": {
      "text/plain": [
       "ap_hi          0.116590\n",
       "ap_lo          0.073976\n",
       "age            0.033813\n",
       "cholesterol    0.023335\n",
       "weight         0.015047\n",
       "height         0.004725\n",
       "active         0.002628\n",
       "gluc           0.002600\n",
       "sex            0.002356\n",
       "id             0.000539\n",
       "smoke          0.000000\n",
       "alco           0.000000\n",
       "dtype: float64"
      ]
     },
     "execution_count": 7,
     "metadata": {},
     "output_type": "execute_result"
    }
   ],
   "source": [
    "mi_scores_ser = pd.Series(mi_scores, index = X.columns).sort_values(ascending = False)\n",
    "mi_scores_ser"
   ]
  },
  {
   "cell_type": "markdown",
   "id": "a8b2d313",
   "metadata": {},
   "source": []
  },
  {
   "cell_type": "markdown",
   "id": "05c59bfc",
   "metadata": {},
   "source": [
    "___"
   ]
  },
  {
   "cell_type": "markdown",
   "id": "5e6148b1",
   "metadata": {},
   "source": []
  }
 ],
 "metadata": {
  "kernelspec": {
   "display_name": "Python 3",
   "language": "python",
   "name": "python3"
  },
  "language_info": {
   "codemirror_mode": {
    "name": "ipython",
    "version": 3
   },
   "file_extension": ".py",
   "mimetype": "text/x-python",
   "name": "python",
   "nbconvert_exporter": "python",
   "pygments_lexer": "ipython3",
   "version": "3.12.9"
  }
 },
 "nbformat": 4,
 "nbformat_minor": 5
}
